1 0 0 0
2 -0.105638 -0.172547 7.24037e-05
3 -0.00515689 0.00240275 4.822e-06
4 0.0108025 -0.01235 3.18608e-05
5 0.026398 0.0113538 2.75394e-05
6 -0.0254927 0.0531319 6.04256e-06
7 -0.0337673 0.16008 -5.93747e-05
8 -0.0324102 0.0894433 -4.88529e-05
9 0.0570886 0.0548728 -2.45234e-05
10 0.0828366 0.132536 -9.94562e-05
11 0.047167 -0.163157 -5.88658e-05
12 0.0766538 -0.310351 4.25512e-05
13 0.190999 0.0226431 -6.6207e-05
14 0.287565 -0.14921 6.18463e-05
15 0.244622 -0.115832 9.68867e-05
16 0.285681 0.0920777 -2.20614e-06
17 0.23073 -0.128392 4.20025e-05
18 0.15817 0.133587 2.03767e-05
19 0.0669707 0.135266 -3.08564e-05
20 0.136955 0.132942 -2.71445e-05
21 0.315016 -0.0678184 7.40496e-05
22 0.813494 0.598426 -7.52638e-06
23 4.2254 -3.33874 0.00287428
24 6.53136 -11.5375 0.00687348
25 4.16955 -10.917 0.00486457
26 4.19314 -2.98421 0.00213049
27 1.84034 -5.16423 0.00109033
28 0.275929 -4.55661 -8.91431e-05
29 -0.968928 1.97241 -0.00200726
30 -0.932699 2.17584 -0.00217368
31 -1.67546 0.338483 -0.00190464
32 -2.33425 4.03644 -0.00300286
33 -2.58743 2.65332 -0.00275896
34 -2.21297 0.761622 -0.0020103
35 -1.92762 1.76956 -0.0017887
36 -1.6815 2.74163 -0.00207467
37 -1.16315 1.15155 -0.00141571
38 -0.71977 1.87489 -0.00120736
39 -1.22616 1.78434 -0.00136137
40 -1.62681 1.97628 -0.00157406
41 -0.853532 1.66956 -0.000998787
42 -0.611802 0.971519 -0.00079884
43 -0.854407 1.17789 -0.000770922
44 -0.933339 2.13707 -0.00135578
45 1.13809 1.64637 -0.000127136
46 2.2003 -4.98002 0.00346411
47 -3.10075 4.02962 -0.00271872
48 -0.447387 7.72464 -0.00202197
49 -0.289152 5.56376 -0.00140964
50 -4.02898 0.729196 -0.00245837
51 0.00538322 3.25868 -0.000397889
52 -0.744202 2.07353 -0.000731682
53 -1.91771 1.29168 -0.00138301
