1 0.0687181 0.134105 -0.000231562
2 -0.114831 -0.182119 3.27726e-05
3 -0.0227289 -0.00637659 -3.78029e-05
4 -0.00373884 -0.0577374 8.7388e-06
5 0.0619335 -0.0906489 4.07789e-05
6 0.0122367 -0.130469 7.84823e-05
7 -0.0162529 0.056109 -1.62198e-06
8 -0.106708 0.0169828 -4.46166e-06
9 -0.0369485 -0.041232 8.40405e-05
10 0.0172199 0.345963 -4.60999e-05
11 -0.0668563 0.147522 -9.29152e-05
12 -0.164017 -0.308241 9.73052e-05
13 -0.13926 0.187224 -0.000142356
14 -0.00338636 -0.0444548 -3.56262e-05
15 -0.0771985 -0.192775 9.28177e-05
16 0.0309056 0.198774 -4.64455e-05
17 0.059248 -0.283114 2.60511e-05
18 0.0623842 -0.0184864 5.2218e-05
19 -0.1418 0.0134915 -2.37205e-05
20 -0.386168 0.214288 -0.000172893
21 -1.20723 0.0311347 -0.000450408
22 -4.38767 5.71611 -0.00391147
23 -2.95328 9.74884 -0.00470085
24 1.7598 -0.111103 0.00170134
25 -0.27483 -7.15636 0.00259398
26 2.33617 2.75426 0.00109501
27 1.71733 -0.916021 0.00149606
28 1.408 -6.83978 0.00225467
29 0.23954 -0.329441 0.000485641
30 1.11087 1.24198 0.000191864
31 1.05333 -4.07496 0.001512
32 0.591154 1.24107 6.52926e-05
33 -0.0808779 1.59977 -0.000465869
34 -0.0352968 -1.40372 8.72674e-05
35 -0.0726855 -1.16644 0.000502625
36 -0.39477 1.29953 -0.000467279
37 -0.246254 -1.00418 6.46496e-06
38 0.742934 -0.208964 0.000386543
39 0.529121 -0.438205 0.000364108
40 -0.673486 0.148831 -0.000450398
41 -0.113017 0.497891 -7.21411e-05
42 0.343372 -0.513754 0.000149605
43 -0.106607 -1.10326 0.000546484
44 -2.31025 1.0678 -0.00164054
45 -0.634223 5.92914 -0.00318391
46 5.37648 -10.1545 0.00648706
47 -2.54092 -4.46668 -0.000460891
48 0.387054 1.99786 -0.000271582
49 3.75765 4.35392 0.00111921
50 -3.89665 -2.83788 -0.00193527
51 1.02735 0.969954 0.000531326
52 1.31722 0.47647 0.000734299
53 -0.851101 -0.97467 -0.000767253
